              precision    recall  f1-score   support

           0     0.0986    0.1094    0.1037        64
           1     0.9125    0.8690    0.8902       168
           2     0.9406    0.9856    0.9626       209
           3     0.9851    0.9851    0.9851        67
           4     0.9618    0.8629    0.9096       175
           5     0.5000    0.5455    0.5217        11
           6     0.7378    0.7695    0.7533       256
           7     0.4667    0.5833    0.5185        12
           8     0.1842    0.1373    0.1573        51
           9     0.9264    0.9467    0.9364       319

    accuracy                         0.8221      1332
   macro avg     0.6714    0.6794    0.6739      1332
weighted avg     0.8224    0.8221    0.8214      1332
